28,30
28,29
28,28
28,27
28,26
28,25
28,24
28,23
28,22
28,21
28,20
28,19
28,18
28,17
28,16
28,15
28,14
28,13
28,12
28,11
28,10
28,9
28,8
28,7
28,6
229,3
229,2
229,1
229,0
228,3
228,2
228,1
228,0
81,10
84,9
24,44
24,43
24,42
24,41
227,3
227,2
227,1
227,0
226,3
226,2
226,1
226,0
84,8
84,7
183,5
81,9
81,8
81,7
216,34
216,33
216,32
216,31
216,30
216,29
216,28
216,27
216,26
216,25
216,24
216,23
216,22
216,21
216,20
216,19
216,18
216,17
216,16
216,15
216,14
216,13
216,12
216,11
216,10
216,9
216,8
216,7
216,6
216,5
216,4
225,5
225,4
225,3
225,2
225,1
225,0
224,5
224,4
224,3
224,2
224,1
224,0
223,6
223,5
223,4
223,3
223,2
223,1
223,0
222,3
222,2
222,1
222,0
221,3
221,2
221,1
221,0
220,3
220,2
220,1
220,0
219,3
219,2
219,1
219,0
218,3
218,2
218,1
218,0
217,3
217,2
217,1
217,0
216,3
216,2
216,1
216,0
215,8
215,7
215,6
215,5
215,4
215,3
215,2
215,1
215,0
214,3
214,2
214,1
214,0
213,5
213,4
213,3
213,2
213,1
213,0
212,5
212,4
212,3
212,2
212,1
212,0
211,5
211,4
211,3
211,2
211,1
211,0
210,5
210,4
210,3
210,2
210,1
210,0
209,5
209,4
209,3
209,2
209,1
209,0
208,3
208,2
208,1
208,0
207,3
207,2
207,1
207,0
206,9
206,8
206,7
206,6
206,5
206,4
206,3
206,2
206,1
206,0
205,5
205,4
205,3
205,2
205,1
205,0
204,7
204,6
204,5
204,4
204,3
204,2
204,1
204,0
203,3
203,2
203,1
203,0
202,5
202,4
202,3
202,2
202,1
202,0
201,5
201,4
201,3
201,2
201,1
201,0
200,3
200,2
200,1
200,0
199,4
199,3
199,2
199,1
199,0
198,6
198,5
198,4
198,3
198,2
198,1
198,0
197,5
197,4
197,3
197,2
197,1
197,0
196,3
196,2
196,1
196,0
195,4
195,3
195,2
195,1
195,0
194,3
194,2
194,1
194,0
193,3
193,2
193,1
193,0
192,3
192,2
192,1
192,0
24,40
24,39
24,38
24,37
24,36
24,35
162,20
55,4
130,10
138,12
134,11
81,6
169,6
175,10
175,9
101,9
171,6
115,6
187,6
106,11
101,8
191,6
191,5
191,4
191,3
191,2
191,1
191,0
190,6
190,5
190,4
190,3
190,2
190,1
190,0
189,11
189,10
189,9
189,8
189,7
189,6
189,5
189,4
189,3
189,2
189,1
189,0
27,4
188,3
188,2
188,1
188,0
187,5
187,4
187,3
187,2
187,1
187,0
88,5
88,4
186,5
186,4
186,3
186,2
186,1
186,0
185,4
185,3
185,2
185,1
185,0
85,4
84,6
84,5
84,4
184,3
184,2
184,1
184,0
0,575
0,574
0,573
183,4
183,3
183,2
183,1
183,0
82,4
81,5
81,4
0,572
182,4
182,3
182,2
182,1
182,0
181,4
181,3
181,2
181,1
181,0
80,4
180,4
180,3
180,2
180,1
180,0
79,4
76,4
179,5
179,4
179,3
179,2
179,1
179,0
178,5
178,4
178,3
178,2
178,1
178,0
75,5
75,4
177,4
177,3
177,2
177,1
177,0
176,4
176,3
176,2
176,1
176,0
74,4
175,8
175,7
175,6
175,5
175,4
175,3
175,2
175,1
175,0
174,8
174,7
174,6
174,5
174,4
174,3
174,2
174,1
174,0
173,8
173,7
173,6
173,5
173,4
173,3
173,2
173,1
173,0
172,8
172,7
172,6
172,5
172,4
172,3
172,2
172,1
172,0
73,8
73,7
73,6
73,5
73,4
171,5
171,4
171,3
171,2
171,1
171,0
170,5
170,4
170,3
170,2
170,1
170,0
72,5
72,4
169,5
169,4
169,3
169,2
169,1
169,0
71,5
71,4
168,9
168,8
168,7
168,6
168,5
168,4
168,3
168,2
168,1
168,0
167,9
167,8
167,7
167,6
167,5
167,4
167,3
167,2
167,1
167,0
166,9
166,8
166,7
166,6
166,5
166,4
166,3
166,2
166,1
166,0
165,9
165,8
165,7
165,6
165,5
165,4
165,3
165,2
165,1
165,0
164,9
164,8
164,7
164,6
164,5
164,4
164,3
164,2
164,1
164,0
163,9
163,8
163,7
163,6
163,5
163,4
163,3
163,2
163,1
163,0
70,9
70,8
70,7
70,6
70,5
0,571
70,4
0,570
0,569
14,23
162,19
162,18
162,17
162,16
162,15
162,14
162,13
162,12
162,11
162,10
162,9
162,8
162,7
